0,1,2,3,4,5,6,7,8,9,10,11,12,13,14,15,16,17,18,19,20,21,22,23,24,25,26,27,28,29,30,31,32,33,34,35,36,37,38,39,40,41,42,43,44,45,46,47,48,49,50
420.34546,939.5216,0.9522902,424.12164,933.72766,0.94327605,422.0818,933.70715,0.87513256,436.8269,934.84155,0.9471986,444.32062,935.948,0.8287895,448.11194,969.85364,0.98241687,453.00336,972.9198,0.87963986,406.83838,932.4839,0.8983053,407.92615,937.1238,0.6842891,377.65002,895.1599,0.9945698,381.0949,902.1023,0.68283576,442.76868,1091.7572,0.8833234,450.20056,1090.564,0.73402965,433.99097,1184.7305,0.8207889,447.99347,1181.5265,0.81963724,457.92615,1270.4209,0.9225528,463.5974,1263.7837,0.9100123
420.81555,938.61,0.9689389,424.40778,933.04297,0.92696524,422.57068,933.03284,0.87234676,436.0157,935.13464,0.9535196,445.53662,936.2588,0.8193276,447.54352,969.85156,0.9708148,453.3426,972.9093,0.8843366,405.6773,931.63586,0.90031683,407.41107,936.39197,0.6691991,377.4876,895.275,0.98342943,380.50238,901.93567,0.6740992,442.65906,1091.5924,0.88608027,450.5428,1090.4373,0.73960817,433.9922,1184.8035,0.81636935,447.97607,1181.6049,0.81142473,458.00342,1270.3585,0.9232985,463.4087,1263.8025,0.9057331
419.29205,941.416,0.9970654,423.2215,934.99756,0.9695655,421.24988,934.78394,0.91162777,437.69373,935.9215,0.96812934,448.8474,937.05554,0.85568595,446.61096,969.0282,0.97019446,457.888,973.37415,0.90202856,402.27344,938.901,0.9159249,444.60938,947.937,0.36999172,368.2141,902.4949,0.9745873,454.17017,934.92615,0.49791372,443.56476,1093.7955,0.88204324,453.0354,1092.3914,0.7541517,434.92456,1184.725,0.8595669,448.07788,1182.107,0.79190123,457.88763,1271.1937,0.8894581,462.97705,1264.8658,0.8852023
419.65118,941.0829,1.0308998,423.8813,934.50183,1.0389247,421.07745,934.09033,0.9617855,439.56232,935.89624,0.9625453,446.31488,936.121,0.7307023,446.30078,969.34656,0.94563895,455.33405,972.0873,0.8226495,396.8858,945.9227,0.85300183,404.2802,953.2162,0.62141633,364.63867,919.51794,0.9342257,374.86865,929.8435,0.5242478,445.9582,1093.1505,0.85822964,449.38263,1091.6985,0.71097636,443.10876,1185.9738,0.8073095,436.58258,1185.0208,0.6920852,459.6223,1270.3809,0.89057827,459.2127,1262.9535,0.86988986
421.09796,941.9974,1.0003315,426.83875,935.30927,0.99307597,421.57153,935.06757,1.0107325,445.33893,937.8359,0.9632908,442.09534,937.0683,0.6732067,448.71442,971.0455,0.92456055,451.87292,972.3193,0.7879566,397.49255,955.3443,0.9352231,400.22015,959.97186,0.71522635,355.99982,934.0734,0.9461684,364.24274,938.8896,0.61279714,448.33246,1093.4594,0.8286333,445.08453,1092.287,0.7323905,446.30414,1184.8417,0.8450898,431.5652,1185.1268,0.76769066,459.4276,1271.226,0.9221059,458.5509,1263.2606,0.84626186
419.99295,942.53125,0.98975664,424.73032,935.05676,0.9998599,420.77792,935.57605,0.9592015,442.5242,936.6948,0.965071,445.56393,936.49646,0.7527926,446.5419,971.5586,0.9074764,456.1381,973.18396,0.838675,396.29068,964.88477,0.950262,401.3387,974.2704,0.6107377,348.88644,950.5342,0.97222924,370.01797,959.42126,0.37207866,448.81558,1094.5823,0.842448,444.81314,1093.6614,0.7301427,448.12967,1186.2438,0.9048493,429.54013,1187.1571,0.833846,459.97366,1271.978,0.9162264,457.48257,1264.4785,0.86847425
420.94742,942.1417,0.99965775,426.03873,935.0857,0.9935516,421.14487,935.5122,0.98768055,443.55722,936.71497,0.9680738,443.6614,936.97107,0.73416007,448.1425,974.11316,0.9255092,455.757,973.9064,0.83550787,394.67343,976.2866,0.88182133,400.1962,983.7438,0.713748,344.673,969.85803,0.9463668,361.01926,975.6875,0.45115268,449.42917,1096.0172,0.8417106,447.77176,1094.7339,0.7233079,446.40872,1186.0718,0.867755,433.64212,1186.2238,0.753599,459.0527,1271.8191,0.9255725,459.35306,1265.4618,0.8743406
420.06738,942.2967,0.98164785,425.1026,935.50824,1.0015652,420.66058,935.53033,0.9767404,443.25348,937.4228,0.9571882,444.77734,937.1423,0.7723038,445.23224,976.6126,0.89776456,457.9997,974.3924,0.856936,392.98676,991.0412,0.9433544,402.2751,995.35626,0.7429394,343.92804,991.6789,0.9429022,355.21973,991.64325,0.5554609,447.95892,1096.0814,0.85407734,455.60382,1094.0573,0.70785403,441.6103,1186.5632,0.7885517,445.44226,1184.6425,0.6896254,458.54956,1271.8748,0.9110887,461.63458,1266.6299,0.89362985
419.1944,941.4555,0.9693273,424.83453,935.0146,1.0016835,419.8863,935.12946,0.9698539,443.50995,936.8892,0.9772378,441.33887,936.2271,0.7516832,451.58618,977.78107,0.9324447,445.71643,976.7076,0.8537793,400.33185,1003.91766,1.0179007,400.43567,1005.903,0.89949936,351.45898,1015.5838,0.9787023,356.63,1015.1263,0.82600236,451.88293,1095.824,0.8276813,443.4964,1095.1057,0.7888746,449.87488,1186.0608,0.90614235,430.93768,1187.0967,0.876584,460.83142,1271.688,0.9262527,456.76514,1265.2727,0.8881688
419.39145,942.33466,0.97139436,424.60837,935.1606,0.9790199,419.6884,935.61383,0.93372416,442.3185,937.0444,0.96002203,440.11703,936.87177,0.7293228,451.43405,978.06586,0.946059,447.1047,977.0527,0.8395071,405.66556,1016.49945,0.9875343,406.44284,1020.1303,0.92467546,359.75723,1038.0928,0.96427596,364.2546,1038.0137,0.846887,451.37302,1097.3125,0.8441381,446.3104,1096.1187,0.78633606,448.48508,1187.2417,0.8520061,435.61703,1187.269,0.7726973,460.1622,1271.6125,0.8910738,459.8511,1264.8384,0.8545818
417.45477,941.9752,0.9748732,422.23535,934.8617,0.9847599,418.25757,935.3678,0.9405297,439.46814,936.687,0.96125543,439.45642,936.8993,0.70944,448.8103,979.26807,0.92331886,449.54285,977.9603,0.83215475,412.72723,1027.7311,0.9666256,415.2882,1029.0208,0.8700036,373.9563,1060.375,0.9680952,376.8075,1058.2573,0.8324181,451.14508,1097.3445,0.86904156,448.018,1096.013,0.7877221,448.91748,1187.1982,0.8432989,435.44318,1186.9675,0.76164013,460.3374,1272.1431,0.9123112,460.48193,1263.1287,0.8993195
416.71005,941.8804,0.97619003,421.77213,934.9408,0.9957367,417.6655,935.1764,0.95328206,438.66666,936.6398,0.9587774,438.8564,936.8142,0.77730954,445.22195,981.28186,0.9448993,455.72116,977.3535,0.86316675,421.64804,1036.8873,0.97220844,431.0685,1036.0308,0.76019275,393.00345,1076.9941,0.91899574,401.60318,1070.324,0.65711415,447.1591,1098.6339,0.8404261,459.81845,1095.3256,0.7786709,437.4092,1187.7637,0.85024506,455.66837,1184.3458,0.81248975,458.66348,1271.4862,0.9361325,465.60873,1265.5641,0.9027301
413.85266,941.8187,0.9436993,418.54004,934.6737,0.9745652,414.74707,934.89514,0.91690534,435.3902,937.07947,0.9772948,438.21997,936.88245,0.7285032,443.52386,981.7328,0.92786777,452.4848,978.00977,0.8646122,431.69464,1041.669,0.9493022,443.8645,1042.0924,0.6512111,414.4165,1090.7339,0.91574,423.70972,1088.2761,0.6059106,449.93896,1099.2108,0.82141685,453.73523,1096.6647,0.6990784,450.08087,1186.8617,0.86949086,434.73315,1186.805,0.7870174,460.77264,1272.795,0.9127394,459.53662,1265.2045,0.85056686
413.09604,942.7835,1.0040141,417.57455,935.6447,0.9906355,414.07327,935.8881,0.9826559,434.48734,936.8095,0.97734195,434.69943,937.2277,0.7054416,443.8502,982.3648,0.94523746,448.5894,979.4649,0.82767045,443.5668,1041.4464,0.97873116,446.60703,1041.1985,0.66341007,436.86288,1096.5107,0.97769904,434.7977,1092.1526,0.60974,450.60104,1099.6904,0.856605,451.96933,1096.6321,0.6751716,448.54416,1187.1882,0.84021735,438.0289,1186.9636,0.7120252,460.22708,1271.6927,0.91746145,460.8965,1264.5344,0.8287456
411.09906,943.2159,1.0155439,415.06848,935.97833,1.0121073,412.28027,936.2586,0.9853739,431.5205,937.19635,0.9707092,433.74353,937.33295,0.7401453,444.81628,980.7956,0.97988784,445.42322,979.18036,0.80664706,454.28076,1038.275,0.9663526,458.69843,1038.7855,0.74018383,459.45416,1093.2803,0.93876135,454.7295,1091.5444,0.56284803,445.44366,1103.0519,0.8356861,441.39618,1102.3579,0.7411287,450.3186,1188.8239,0.8524941,434.0334,1189.1104,0.7706436,461.30737,1271.7026,0.8929683,458.81903,1264.5774,0.8452333
409.1566,943.17706,0.98681825,414.3779,936.2188,1.000568,409.85593,936.4194,0.9637435,431.44803,937.75885,0.9674449,430.3442,937.9753,0.76377845,444.72775,979.84247,0.97529674,444.66122,978.1065,0.80624497,463.58383,1033.8688,0.9909143,464.34024,1034.3257,0.8207511,477.93466,1085.1971,0.9495915,478.44235,1082.7351,0.78212535,446.54007,1102.0619,0.8175956,445.27634,1101.2223,0.70503706,445.26047,1188.4047,0.7988918,441.17685,1187.4989,0.639218,460.12045,1272.3383,0.9114418,461.05392,1264.4958,0.87277275
407.1674,943.6042,0.9599496,412.8868,936.9118,0.99886686,407.6085,936.9716,0.9673447,430.84384,938.76886,0.974818,428.7806,938.3212,0.7619177,445.2711,978.4589,0.95946133,440.38736,977.939,0.8305193,473.032,1027.9954,0.93512547,469.01572,1030.4604,0.7247261,497.6738,1074.399,0.90371114,493.74435,1073.5675,0.5332054,448.81717,1100.9037,0.8644242,443.6735,1100.2079,0.74805236,447.04733,1188.3466,0.8506546,436.21,1187.9733,0.7079241,460.01547,1271.8512,0.92467344,460.24997,1265.2195,0.90599394
405.9917,944.2418,0.9882506,411.5655,936.90125,0.966474,405.78955,937.48254,0.9817814,429.6905,938.3563,0.99686545,426.37476,938.7003,0.6845457,444.29712,975.50024,0.9640229,440.81592,976.1769,0.83215463,478.71936,1018.8458,0.96653616,473.82245,1022.7567,0.5830255,509.12372,1058.9342,0.9482815,504.38617,1058.7417,0.45808297,450.55048,1099.3147,0.8268126,445.0479,1098.7588,0.75265694,447.2343,1186.8365,0.8370248,433.95038,1186.621,0.7442248,459.47333,1270.6077,0.89823186,458.74506,1264.1748,0.86519337
405.22385,945.0786,0.9682792,410.1376,937.9617,0.9680587,405.43002,938.21533,0.97385246,427.4893,938.4475,0.97703725,424.99863,938.79285,0.7156389,444.06094,974.4365,0.98724806,440.6744,975.13403,0.8427664,482.97202,1009.7538,0.9629327,479.30716,1011.72107,0.6161745,519.848,1044.3136,0.928748,514.07715,1042.1322,0.42801738,452.88486,1097.6045,0.85664564,447.50357,1096.7064,0.7709321,446.7609,1185.9458,0.8091954,435.32327,1185.2091,0.72606254,459.03513,1270.0488,0.90227365,457.353,1263.0851,0.8449682
403.19757,945.8573,1.0040234,407.81055,938.714,1.002189,403.24957,938.98315,0.9686718,425.0318,938.44995,0.99452037,423.73492,938.5521,0.77653325,444.10205,974.0829,0.95151997,439.93115,974.6052,0.8794588,487.06775,1002.65283,0.92474824,484.4093,1007.3124,0.71936744,527.6521,1031.24,0.9845413,523.7889,1028.1984,0.5864621,455.47845,1096.5205,0.8503506,449.01953,1095.8473,0.8016663,449.5735,1186.5612,0.8435816,434.0334,1186.3898,0.7939352,458.87036,1270.7146,0.8974489,457.3615,1263.3136,0.8699499
401.8814,946.81506,0.98947126,406.54584,939.5327,1.0019507,401.89026,939.9596,0.95831573,423.58716,939.45825,0.977806,422.51807,939.79675,0.7712679,442.58032,973.813,0.9618021,441.33838,974.47424,0.85403895,490.04486,997.3716,0.9598757,491.06097,1000.6647,0.80279934,534.60144,1020.21094,0.93495256,532.8246,1019.03284,0.8257837,457.4613,1094.3474,0.87211883,454.5625,1093.3997,0.7528115,448.9685,1185.0623,0.8052758,439.25977,1184.7825,0.7138706,458.56555,1270.1471,0.89709353,459.16968,1262.7053,0.8730568
400.07477,949.15094,0.94828594,405.06042,942.1237,0.9967978,400.14398,942.47614,0.94094723,421.66772,942.0644,0.98813254,419.9214,942.311,0.7940646,442.17114,974.2413,0.98416865,440.3703,975.33795,0.855082,489.96313,993.18744,0.96682096,489.3778,995.23016,0.81549394,535.1549,1008.04767,0.97983015,531.2731,1006.79205,0.75687087,462.1023,1092.7494,0.8672919,455.79437,1092.4513,0.7736527,454.18762,1183.9401,0.8262871,437.92957,1182.9753,0.7919897,459.35706,1269.453,0.9230535,459.05774,1261.1445,0.882586
397.5949,952.05566,0.9867949,402.34088,945.2538,0.9818689,397.68323,945.64636,0.97331434,418.9834,945.86865,0.9792099,418.71423,945.65356,0.78847086,440.67645,975.6605,0.9538741,438.3568,977.0194,0.8545128,490.09668,988.7245,0.9635954,490.10138,988.64014,0.85898745,535.78625,999.3196,0.9812969,535.0849,1001.3861,0.88248193,466.4594,1091.453,0.8675323,460.52905,1091.284,0.7993132,454.6458,1183.2345,0.8070679,442.58813,1181.6721,0.7375943,459.53943,1269.1447,0.92192125,459.91907,1260.409,0.8820987
396.02423,958.3799,0.9712446,400.43304,951.0065,1.0063298,395.6139,951.8821,0.95476806,416.87402,951.2257,0.9810312,419.37537,950.42224,0.7585602,439.66034,978.6743,0.9684688,439.5728,981.224,0.8039728,489.75073,985.89966,0.97883177,490.594,992.99915,0.8357253,537.03687,996.79553,0.9521827,537.3453,997.448,0.87521577,471.37482,1092.0651,0.8230881,465.5296,1092.1594,0.7428969,458.64398,1184.1465,0.83468556,444.9005,1182.2069,0.75867677,460.3988,1270.2335,0.92213696,460.346,1262.6029,0.88521063
394.05676,966.0349,0.9887074,397.06512,958.12,0.9651513,393.87506,958.92554,0.94470143,411.57104,957.34436,0.96991634,419.8072,956.22864,0.79723597,437.2337,984.18604,0.95837474,442.2118,985.20166,0.7904695,488.9839,989.1704,0.9902551,491.59338,994.9342,0.8350208,537.1191,997.90906,0.9535595,538.02374,996.85474,0.8343906,472.51862,1095.0004,0.84438777,483.90485,1092.8629,0.76502097,449.47778,1185.6627,0.8940046,469.0656,1185.4021,0.85950494,458.40887,1271.3235,0.92344654,466.6115,1267.1051,0.8610234
393.0322,977.5122,0.9510933,395.4799,969.4253,0.9625164,392.48874,970.2875,0.9302628,411.38174,966.4254,0.9959594,417.48343,966.0083,0.7303413,435.59628,993.59033,0.93614346,443.63504,994.2377,0.77021134,487.64316,995.2533,0.94666296,489.6166,1002.557,0.8174465,538.55176,1001.81604,0.96936506,539.5353,1000.2649,0.820472,477.1934,1098.0225,0.88122326,493.3914,1096.0033,0.7461859,450.45773,1187.128,0.9128413,472.18558,1187.8762,0.82545125,460.34854,1272.7155,0.8962023,465.89682,1267.8619,0.8639957
392.13013,991.6386,0.9729326,394.09467,982.96515,0.97600526,390.8139,984.13104,0.96290827,410.33258,979.4119,0.974,415.19116,978.85736,0.7105787,436.30505,1005.5087,0.9257402,442.32318,1005.68304,0.76367843,487.8252,1005.9036,0.97944015,489.57574,1011.4543,0.8165804,538.23773,1010.12164,0.98388743,541.41583,1007.5629,0.8497523,482.0832,1105.2988,0.8486766,500.3095,1103.0813,0.74431574,449.15845,1189.9883,0.93758196,470.09595,1192.1016,0.85792863,463.18457,1273.1904,0.8718128,467.28357,1267.5925,0.87234133
390.62012,1006.6699,0.94980824,391.83228,997.9674,0.96479654,390.01324,998.5823,0.90217245,407.1433,994.72156,0.9646477,414.2721,993.6056,0.72095764,436.9945,1019.7224,0.914073,439.3496,1020.1057,0.77617764,490.0655,1021.1915,0.9278749,490.58777,1021.9343,0.7097937,542.8577,1023.359,0.9553813,545.26385,1020.6643,0.9026265,490.32037,1113.6757,0.86178124,504.43933,1112.1013,0.7132975,446.47754,1191.6477,0.9495646,463.66174,1195.3458,0.8304883,464.141,1272.5282,0.89352083,468.8296,1266.6439,0.8610985
389.74738,1021.03894,0.981981,390.4903,1012.5935,0.9875521,388.9865,1013.42395,0.8792996,405.84222,1010.775,0.96655095,414.66052,1008.54834,0.75576735,437.38092,1036.7036,0.91948795,438.5443,1037.0184,0.75071514,488.53467,1038.2484,0.8860757,489.64917,1038.0504,0.50656056,542.52997,1040.7284,0.9087966,545.5023,1037.4502,0.60513735,493.78162,1122.7429,0.80963856,512.5193,1122.4319,0.7159089,442.11755,1190.8647,0.9054605,459.1751,1197.2664,0.8066932,463.7093,1272.4503,0.8934381,467.82355,1268.168,0.8195537
390.5341,1038.6608,1.0066282,391.5278,1030.41,0.9979611,389.6273,1031.2018,0.90964496,407.17496,1028.61,0.9728712,416.90396,1026.0695,0.6853496,438.23642,1055.0321,0.93022215,447.25284,1051.8314,0.71082556,495.2056,1058.297,0.8945302,500.39536,1054.8383,0.6906524,546.1405,1064.5137,0.8795461,547.8406,1057.3748,0.8735122,495.96298,1134.6655,0.75955915,518.46094,1134.6143,0.7594532,438.33456,1191.7173,0.9148218,459.58963,1199.837,0.8155855,460.66068,1274.7216,0.8932582,469.80118,1268.9658,0.80361235
391.95776,1055.0153,0.97692955,393.39832,1046.4541,0.9717583,391.01642,1047.2401,0.8988306,409.41248,1045.1713,0.976465,418.1313,1042.6322,0.69095254,440.89948,1071.339,0.8929393,446.4687,1067.9471,0.7192602,497.11627,1080.0428,0.8710207,500.3579,1077.7205,0.7299539,550.4508,1090.8615,0.7791619,551.82996,1086.559,0.8626496,501.32977,1148.5492,0.73952127,519.31213,1148.1957,0.68167305,434.972,1195.6031,0.9746686,455.16388,1199.4962,0.840016,459.5387,1276.2594,0.91061795,473.18878,1265.8134,0.87135804
395.4201,1066.4257,0.98756236,397.68243,1058.8159,0.95917624,394.81244,1059.325,0.87478137,414.95782,1058.2126,0.9520444,420.1765,1056.6392,0.68367016,446.24292,1085.1986,0.9013475,447.302,1082.6315,0.7354745,503.42438,1103.7792,0.8334056,505.0418,1098.8555,0.8331392,551.44763,1120.504,0.7864145,555.3239,1113.0198,0.8038418,507.33972,1159.9824,0.7268261,516.95355,1159.209,0.6056893,432.4939,1196.3558,0.900671,451.1297,1201.0428,0.7996541,459.01953,1276.8534,0.9095981,471.36194,1268.1875,0.8751224
401.49557,1072.8824,0.9986601,404.33273,1065.3115,0.97128224,401.3259,1065.5485,0.9240699,422.53244,1066.2627,0.97194576,425.86588,1065.092,0.7261926,451.9774,1099.3997,0.8576459,455.50198,1093.1002,0.7321843,501.95792,1129.6989,0.8257001,510.27267,1122.3202,0.76198965,547.35034,1158.2382,0.84839225,554.36176,1147.47,0.85815424,510.9105,1176.1108,0.7360735,516.1096,1172.7533,0.6037953,431.25638,1197.979,0.90351367,444.7507,1196.1598,0.7259618,458.62527,1278.617,0.88697505,471.14566,1269.6986,0.84825647
410.26236,1074.7563,0.94832456,413.45187,1067.4486,0.9639756,410.5682,1067.747,0.87769806,430.53177,1069.3279,0.96560633,434.63406,1067.802,0.68740904,457.82657,1105.2203,0.87661666,459.31375,1098.8198,0.72608966,498.96567,1151.2458,0.87891257,503.98117,1143.4877,0.59527797,536.52234,1198.8689,0.915941,538.96893,1190.1107,0.4373362,512.2933,1183.4335,0.68808675,517.4148,1177.4552,0.49677742,432.19162,1198.0822,0.8739457,443.33884,1194.6444,0.7627435,458.43558,1278.665,0.8914562,469.62033,1269.0725,0.8479068
421.92722,1068.6736,0.9223091,426.63004,1062.2214,0.9459685,423.68137,1062.0737,0.918759,443.89975,1067.9761,0.9658853,447.76474,1067.3425,0.7641022,468.0496,1110.4558,0.8315355,470.72214,1100.9978,0.7804129,490.72,1168.6782,0.97532034,492.47922,1162.1548,0.52863467,508.6564,1222.957,0.8618618,511.1943,1216.4319,0.31675005,520.4105,1191.2539,0.7301625,525.35846,1185.0085,0.57615465,433.14755,1198.4214,0.89234203,442.25552,1193.4336,0.7426162,457.65726,1278.8052,0.8497545,469.23312,1269.228,0.8736769
440.23065,1063.2931,0.90931404,445.31897,1057.16,0.9403478,441.64618,1057.2007,0.8829768,463.04565,1060.8468,0.9747964,465.57697,1060.7798,0.7093932,478.83002,1107.0966,0.8733473,483.02954,1099.8909,0.75575566,474.00018,1175.6652,0.9173614,481.33014,1168.5504,0.6698531,467.48322,1232.0867,0.79000175,470.2744,1230.602,0.44550076,520.79517,1196.9816,0.74142087,521.96265,1192.7635,0.6116433,433.3495,1197.6423,0.8996811,439.635,1191.054,0.7308159,456.1867,1277.8932,0.7982427,468.1955,1267.9678,0.7995521
460.72772,1055.882,0.92090267,465.9544,1049.7382,0.9190937,462.31903,1049.779,0.8658422,484.10284,1053.9884,0.95101696,487.67218,1054.041,0.71281385,496.12646,1099.8994,0.8946605,497.91174,1094.8502,0.74764365,458.8603,1157.846,0.86208224,463.5157,1155.0913,0.51224864,424.84955,1198.7391,0.7643976,432.88525,1195.3235,0.4034165,521.7255,1194.6926,0.76942575,520.51245,1190.8744,0.5692409,438.98767,1198.5916,0.93869805,448.79163,1191.7617,0.7654624,457.58765,1277.6597,0.87559354,468.81592,1269.6636,0.8426619
484.51703,1048.1416,0.91587555,489.91028,1042.3333,0.92238545,486.29132,1041.8885,0.85012424,506.7932,1047.1232,0.9577292,511.51636,1047.2579,0.6743347,510.36267,1090.4781,0.879393,513.8024,1087.268,0.7906289,463.37012,1119.9098,0.7981113,466.26978,1118.525,0.7299485,417.08734,1130.45,0.6519762,419.7386,1128.8088,0.52093023,520.4838,1187.8766,0.74089456,521.55035,1184.094,0.556325,436.14233,1195.2682,0.8886962,445.37,1195.1725,0.7380548,457.97937,1277.54,0.8573102,468.99432,1269.682,0.8751613
506.93152,1037.3595,0.9167339,513.22064,1032.1742,0.93455297,509.41162,1031.3104,0.898491,531.00183,1039.975,0.9449092,532.06104,1040.2258,0.6680489,525.2596,1081.0809,0.87937796,527.8972,1078.523,0.78936803,472.3058,1078.5604,0.75624347,472.6706,1078.9211,0.72308,422.71393,1063.4261,0.652026,424.8197,1062.7646,0.6762235,521.03845,1183.8624,0.7837132,526.0269,1184.1577,0.60592484,435.77136,1193.9404,0.9318133,449.195,1198.0869,0.7907218,457.61218,1277.0624,0.87415516,467.758,1269.9684,0.9036903
528.5527,1026.8485,1.0219183,535.1097,1021.4905,1.0202776,532.0764,1020.3967,0.9233148,553.0424,1031.0796,0.97799677,555.3855,1031.6635,0.6811931,542.8715,1070.3834,0.9184526,543.57086,1069.9641,0.7602042,502.33484,1044.4872,0.7432334,501.5854,1047.9133,0.62186706,466.98444,999.1013,0.6011215,467.85602,1002.3137,0.6165043,519.54553,1177.1411,0.7970892,521.88214,1175.829,0.62669015,436.1949,1192.8789,0.8887732,445.8471,1193.5532,0.73565984,456.67218,1276.3756,0.8878596,468.18054,1267.5635,0.8380893
552.01917,1007.53705,0.9153537,559.16223,1005.25165,0.91474974,558.339,1003.6153,0.7886719,567.1521,1017.8317,0.8774727,578.46936,1025.9121,0.7631514,556.5866,1052.9725,0.8939177,562.0585,1057.8274,0.80847996,536.61554,1008.6235,0.53479016,537.7307,1011.64594,0.55200934,526.34204,953.40204,0.31213063,527.7279,953.31586,0.266502,516.87805,1161.7429,0.7982056,528.56396,1166.101,0.6669698,435.87823,1190.6488,0.937227,451.5675,1194.8395,0.7985562,454.71185,1275.2562,0.85890603,467.28442,1266.7875,0.89521956
582.06854,994.153,0.6964678,590.744,991.16364,0.78564537,589.4608,990.4102,0.57618874,596.58435,1003.43207,0.90587306,606.8694,1014.6469,0.8880272,577.4665,1028.6216,0.88814735,583.18353,1037.6249,0.7447599,579.2384,970.8743,0.7539545,579.18665,972.09283,0.59506416,606.13257,933.0871,0.5587261,603.28625,933.009,0.40520972,518.39856,1140.5695,0.8311821,527.14453,1143.007,0.6977719,441.80737,1187.7168,0.9508363,456.59473,1191.2677,0.74905837,453.56573,1273.0579,0.8781933,466.47266,1263.9011,0.86576456
619.043,986.0816,0.7415148,625.21454,984.30695,0.83243763,624.82135,985.4377,0.67633235,629.1821,995.1668,0.9208982,633.4229,1002.1329,0.8158026,601.84265,1016.3543,0.9434992,606.184,1020.9538,0.82041633,617.11505,964.378,0.89665353,615.88873,965.8444,0.8127016,647.9978,937.81525,0.88110185,646.8809,937.56696,0.79734623,521.919,1106.1461,0.8443519,531.5006,1110.9537,0.73380065,458.15692,1174.7872,0.83896834,474.0323,1182.3031,0.7459455,449.5664,1270.9816,0.8808361,462.79956,1264.4906,0.889777
643.05225,983.68756,0.64902854,649.5106,982.58075,0.78163576,650.5448,984.4755,0.58842075,655.4877,994.4201,0.89418447,659.4851,998.01373,0.8220464,623.30835,1012.3847,0.83861977,625.7123,1012.9338,0.76570094,634.8054,966.2509,0.89018774,636.0984,966.8853,0.8002673,670.0493,939.93524,0.9438675,669.9082,942.1999,0.87880576,530.21216,1078.9442,0.7817395,535.7307,1081.6366,0.674896,469.82236,1143.0842,0.86062706,491.79703,1156.1582,0.70420605,447.1699,1243.4622,0.7318772,459.8702,1240.5688,0.6831225
668.6066,981.2366,0.70565605,674.55804,981.6417,0.7892994,673.63965,980.4243,0.5676859,679.3744,995.4971,0.9368539,682.48193,1000.4999,0.8580089,644.3501,1007.3141,0.89122677,646.7102,1007.76416,0.75759405,645.1262,968.0619,0.9421662,654.6258,971.26025,0.7399151,677.307,934.2174,0.9676653,682.81995,940.62695,0.9429256,542.19586,1059.4735,0.82855856,546.89136,1062.1099,0.67760015,471.36798,1105.1903,0.9132052,494.81488,1125.9968,0.69941956,467.44452,1194.3668,0.7524501,474.7508,1197.1694,0.74798214
693.67456,977.0035,0.8910341,701.3279,980.06696,0.9162952,700.72363,976.56915,0.7831303,700.0762,998.9157,0.96458936,700.9374,1003.47504,0.73172927,662.6986,1003.6635,0.8315905,667.41516,1011.05426,0.7832016,645.60266,968.851,1.0126495,662.6118,974.346,0.8013707,664.4496,926.0733,0.8565732,679.82837,935.36554,0.96272063,560.5187,1045.1887,0.84342426,566.452,1052.9495,0.7342848,474.80807,1064.2126,0.9413687,497.52823,1091.1079,0.70075536,480.62332,1153.9639,0.81797385,490.6124,1157.2834,0.6615593
712.53906,980.1675,0.86528325,719.7976,985.32947,0.8870843,719.8611,982.2257,0.75333977,716.8329,1002.29785,0.91358626,716.9514,1007.40784,0.6489798,676.50085,1007.0294,0.9480789,679.306,1009.63904,0.8288261,647.313,968.89404,1.0226943,658.251,968.4437,0.8326561,648.48047,915.0432,0.92037964,661.657,924.297,0.9695686,572.0925,1042.5851,0.89935863,575.84827,1045.958,0.68717146,492.32114,1020.4237,0.9436822,504.17752,1038.9982,0.6223694,489.88925,1102.8177,0.8272084,498.4465,1110.7007,0.7265425
728.81396,987.5841,0.9126214,734.9744,994.485,0.9329251,735.667,989.1212,0.8804349,726.79,1012.8563,0.9751298,725.3199,1004.33435,0.4860478,688.8179,1010.5321,0.91800344,688.24506,1001.49097,0.8134818,652.1445,970.2998,0.98854643,648.7719,969.74194,0.93002236,634.45184,913.1349,0.8615968,648.65594,930.72595,0.958025,584.35443,1044.0264,0.9375311,584.83154,1037.1914,0.77105117,524.007,982.18335,0.8881419,528.0698,991.0923,0.71803755,498.06445,1061.7574,0.6712787,505.11884,1067.2366,0.69734967
741.6287,997.50775,0.89510846,746.7676,1005.72345,0.89922845,748.6485,1001.0402,0.7733623,737.62775,1022.44244,0.9436373,738.7072,1017.8537,0.51798564,700.5383,1012.4958,0.8695743,703.53864,1006.55096,0.84277004,652.5956,978.92926,0.8619352,656.5184,977.77655,0.85751384,633.92426,924.20514,0.87540895,643.18726,933.3547,0.8914554,592.51794,1038.929,0.9121294,596.4684,1032.919,0.7466079,567.52057,956.64215,0.92503893,568.6385,956.7078,0.8493047,510.64532,1012.9576,0.7414477,513.60834,1013.0988,0.69793075
752.96094,1017.15735,0.9074111,754.9459,1027.229,0.91466033,759.39465,1022.8981,0.7389761,742.1533,1039.0746,0.9114405,745.4448,1035.7438,0.41663694,709.3998,1016.17334,0.89220905,714.30835,1019.1448,0.72017735,652.2661,982.7958,0.9907887,661.8435,989.00085,0.62207115,640.2169,932.31775,0.8597709,652.2975,947.3168,0.85941327,602.3484,1029.3523,0.86921024,609.7661,1026.3032,0.62916136,611.90686,947.35,0.8965709,613.3395,942.906,0.95089746,538.49316,964.16895,0.79976153,540.44824,958.10046,0.7405523
758.3308,1034.5479,0.7586868,758.60455,1044.1233,0.770056,764.1364,1041.4705,0.6407753,746.59875,1053.3561,0.87106335,745.7665,1058.2323,0.41255924,714.2012,1026.2231,0.8450361,717.089,1036.622,0.62336326,656.4417,987.1809,0.9250927,668.1723,999.9844,0.6169096,656.3562,936.38025,0.8946895,663.64,948.724,0.7929443,610.1111,1018.6631,0.78243566,614.95685,1022.3229,0.48373955,641.57947,941.19836,0.7721021,640.948,946.5853,0.77945507,579.72723,925.10767,0.7423122,580.94324,928.06604,0.5733023
760.7702,1051.9202,0.8210926,759.29736,1060.68,0.7345501,764.8463,1059.7662,0.6502033,743.2626,1066.9689,0.7688554,738.3875,1079.1328,0.45728904,716.5539,1037.2307,0.7562113,717.2218,1049.8651,0.49855694,665.9094,992.61194,0.96268946,672.6066,1000.478,0.27970728,676.0766,942.4425,0.9039515,678.2111,944.181,0.38877875,614.79675,1003.1332,0.7778856,613.94116,1009.2521,0.3750349,685.672,948.7833,0.7773999,672.27515,943.2428,0.4787598,626.2425,895.76465,0.63269323,625.9575,898.6361,0.57235336
756.91833,1074.4772,0.7121594,751.39526,1084.0867,0.7206019,761.1894,1083.7769,0.5986997,739.59753,1088.3151,0.7283746,732.48254,1100.3987,0.34684557,716.59656,1050.3025,0.7375692,712.166,1067.7329,0.50601375,677.02795,994.1029,0.9197628,682.16614,1006.27747,0.25814432,705.33704,950.621,0.89225626,706.17896,952.37354,0.2374006,629.9587,990.04065,0.7198053,629.12573,1000.71313,0.44467044,714.90015,958.0442,0.68386334,697.302,943.708,0.41828305,682.26746,897.88806,0.42555004,680.5071,895.4839,0.5233875
750.3084,1099.7714,0.49413034,741.67535,1105.754,0.51200247,751.3234,1107.6902,0.49622083,728.51526,1107.3969,0.7619958,709.57837,1120.5963,0.52898854,717.7143,1067.5161,0.7460307,711.0357,1069.1593,0.43289256,694.1434,999.04407,0.9056083,695.48444,1002.35315,0.3426141,736.7677,968.8474,0.8599708,733.86945,967.98096,0.34012562,648.9208,980.6864,0.51822686,644.6193,984.8331,0.5545032,725.4122,954.8147,0.501479,725.0376,954.46704,0.56106836,736.39764,899.7804,0.52890086,735.98737,900.02576,0.5399556
735.4573,1123.888,0.68718404,730.9907,1125.3804,0.89286125,732.85046,1128.117,0.7080903,714.5275,1118.9916,0.87503713,705.08417,1119.6122,0.54857457,709.8377,1075.4874,0.6591472,692.4752,1084.0896,0.4089498,709.8945,1007.60736,0.9466689,656.90576,1016.00323,0.5105261,758.7449,989.7891,0.9054419,721.399,1142.6971,0.6760509,673.524,974.54755,0.5888823,662.57794,984.6617,0.5769899,759.85223,998.3205,0.72674185,748.25555,974.8951,0.70961666,787.62006,927.0783,0.41235107,787.21893,925.49066,0.6397686
723.5002,1133.4735,0.9410666,716.2457,1135.7639,0.99521977,719.3768,1139.4221,0.8873697,701.29224,1125.4462,1.01058,694.0094,1124.669,0.5686136,705.071,1081.5305,0.7021972,654.05756,1061.7479,0.44207036,724.5106,1017.3898,0.98166704,675.73834,1011.0255,0.41318172,776.5054,1014.6128,0.9503275,698.8201,1146.6875,0.6364846,696.3945,975.97974,0.72406304,684.2337,987.70776,0.63378423,780.596,1012.5254,0.743434,775.4621,997.73206,0.62619746,830.73584,961.59204,0.7637808,829.56244,959.5338,0.49969596
715.06903,1136.167,0.8977258,707.3397,1139.0698,0.9375503,709.53375,1142.4011,0.7875982,692.5419,1126.9629,1.1056094,688.6024,1126.906,0.70828193,702.3217,1082.8564,0.7243094,682.9137,1105.3589,0.6189978,737.533,1031.0103,1.0536981,682.2596,1134.4968,0.5030519,786.7267,1039.989,0.9578073,688.0688,1153.9856,0.7058606,715.99164,986.72833,0.75684625,711.1953,1001.7753,0.5689787,794.06696,1034.105,0.633883,795.22986,1025.1521,0.63668853,866.0559,1013.2767,0.7667623,862.4024,1013.47675,0.68722266
705.7114,1142.8656,0.8969937,697.93286,1143.0509,0.9493153,700.4918,1145.9396,0.8149618,684.7571,1128.1028,1.0209532,680.81006,1128.7268,0.64059246,696.97205,1092.7085,0.80933636,679.26843,1101.6816,0.61230814,748.6583,1045.4503,0.9996649,739.8054,1046.8124,0.3723701,795.6537,1066.0151,0.9126394,674.6605,1148.3202,0.4288143,741.72375,997.8291,0.80533123,737.80273,1003.1094,0.61233985,810.798,1058.0234,0.70928794,810.64233,1054.582,0.84609544,889.5635,1071.7993,0.8432312,883.30664,1071.0083,0.7843983
699.4282,1143.265,0.9025866,691.52795,1142.8868,1.001014,693.7106,1146.5824,0.8825492,680.9016,1126.3239,0.9730848,675.5545,1124.8969,0.6258502,695.27826,1095.0591,0.7588665,678.667,1097.2045,0.7485271,756.19366,1065.1328,0.95224565,744.10583,1053.7272,0.60408413,802.3939,1093.4961,0.83566296,786.5237,1089.4236,0.8556281,768.1433,1015.93005,0.82489824,761.7123,1016.72766,0.61633915,823.9866,1086.6523,0.8152559,816.9125,1085.0566,0.73417455,899.7953,1126.7032,0.9464339,882.6096,1123.2461,0.7834353
700.1482,1142.0629,0.953204,692.46704,1140.4198,0.94325185,693.6203,1143.9105,0.84906036,682.8213,1121.2979,1.0463356,677.969,1120.5431,0.6686171,704.915,1095.9176,0.8043993,684.04236,1093.8955,0.8111465,770.0865,1079.3333,1.0369732,671.58374,1125.9365,0.5700039,802.00555,1120.0261,0.99165213,667.8799,1147.8563,0.789866,794.2895,1036.3062,0.8113537,787.3174,1035.8793,0.6314477,829.34973,1117.8387,0.70321286,823.22034,1116.5603,0.7048141,898.1249,1181.129,0.8832351,877.9767,1178.3956,0.8034692
701.42554,1140.2994,0.9542872,694.13324,1138.0244,0.9580961,694.671,1142.1892,0.85192,688.762,1120.1597,1.0300076,683.7449,1117.759,0.6383612,713.03375,1097.1216,0.81013304,698.68286,1093.2224,0.8025901,782.83466,1094.864,0.9806155,777.2259,1090.1149,0.4448285,796.03156,1141.9023,1.0283695,793.90234,1138.1517,0.43980503,822.004,1063.8677,0.8275461,808.3154,1065.2273,0.61732286,840.57007,1150.2114,0.73882246,815.46216,1145.0778,0.8235705,881.734,1234.6102,0.8982173,858.4319,1218.2249,0.91921717
707.5138,1137.6416,0.94193906,701.0296,1132.8915,0.93753415,699.914,1138.325,0.87327117,699.6945,1114.0935,1.0008006,696.235,1114.578,0.5748302,726.60944,1100.8408,0.8154174,712.7346,1093.3397,0.78822136,794.6975,1106.647,1.0066321,790.1913,1104.4111,0.5104101,785.9052,1154.3412,0.9230304,790.67487,1148.6349,0.74002194,845.4982,1096.4109,0.82185465,834.02625,1094.8422,0.63061756,850.19025,1187.1091,0.8095517,827.30493,1178.4368,0.87362605,869.5462,1282.4113,0.8717202,846.4289,1264.7815,0.8775985
720.77515,1132.9899,0.9540356,714.3646,1127.7784,0.91005445,713.18604,1133.3054,0.8817102,713.0812,1110.2285,0.9555694,709.22327,1108.9065,0.5392512,743.74384,1103.7291,0.8265265,737.23804,1096.1725,0.70360816,811.65216,1119.8823,0.99030286,803.7254,1119.0908,0.52700484,779.76044,1157.151,0.9721662,783.72363,1159.541,0.7451596,866.3423,1127.295,0.80173206,863.1571,1124.4939,0.5892856,847.42816,1210.5023,0.7427865,824.7529,1198.9373,0.8696297,864.50745,1297.6843,0.91074646,844.5552,1280.7555,0.86637694
735.60815,1129.0118,0.9270092,731.27594,1122.3475,0.9310343,728.5742,1126.6118,0.9181353,736.06885,1104.5375,0.9023032,733.90076,1104.4822,0.6587229,768.3943,1106.3572,0.8786292,761.87665,1094.9375,0.7101462,831.89954,1130.7017,0.9707827,816.4805,1126.0471,0.5784142,786.97253,1156.9648,0.9401734,790.37805,1164.4471,0.7561939,882.30347,1142.4534,0.7777153,879.864,1137.3877,0.50722975,827.76294,1208.3804,0.80033064,816.0908,1195.4487,0.8195499,861.76,1292.2839,0.87665737,844.2387,1273.0659,0.73246276
751.7765,1124.5022,0.90218055,748.1696,1118.1509,0.89510775,745.8747,1121.9635,0.8814068,753.4079,1099.6122,0.9668474,752.5451,1100.2625,0.71577,795.7226,1106.0267,0.8813325,786.14996,1102.3191,0.72958666,853.37616,1130.4574,0.9836774,845.543,1129.8306,0.34104776,809.8487,1166.742,0.9346851,809.53094,1169.6238,0.5542991,897.4709,1148.6171,0.7644955,884.48285,1147.3593,0.5554947,835.6831,1206.1361,0.88037694,820.51447,1196.681,0.7978927,861.27136,1284.5635,0.9389458,841.6829,1271.1868,0.8548148
767.5827,1112.4954,0.8845539,764.03174,1103.7043,0.8761281,759.9448,1111.7073,0.97108227,774.0789,1084.9822,0.89011306,760.3084,1105.6458,0.51783204,817.5619,1099.4285,0.84664917,808.204,1096.7429,0.6880709,873.4137,1122.6846,0.9652511,890.3093,1110.127,0.37193242,844.0967,1175.1599,0.9432206,839.0567,1169.5996,0.58130634,912.1869,1145.7483,0.76965815,899.6825,1144.8779,0.55387044,850.05786,1206.2778,0.8175434,830.68713,1196.3999,0.8561861,863.4723,1285.873,0.8616311,842.5293,1271.7356,0.826815
